eval_loss = 1.465460700216635
eval_Rec = 1.0899525768382026
epoch = 3.0
